[{"t":[1.1527514834,9.5398998046,-4.6269223446],"R":[[0.95428503106,0.25410800263,0.15738234496],[-0.2575315554,0.43174206649,0.86445143646],[0.15171544905,-0.86546398598,0.47744582048]],"focal":2168.4109769,"k1":-0.13101892044,"k2":0.10161427759},{"t":[0.95289236663,9.0322658309,-4.2030000605],"R":[[0.96137909293,0.23709594446,0.13977035734],[-0.24287334815,0.49193376795,0.83607039459],[0.1294711413,-0.83772709224,0.53051912548]],"focal":2176.1746298,"k1":-0.13392677347,"k2":0.10964902568},{"t":[0.615417393,8.5592071136,-3.1622731618],"R":[[0.97091056844,0.21249697918,0.11035262543],[-0.21833360459,0.59648081591,0.77236071453],[0.09830109462,-0.77398686687,0.62552475947]],"focal":2177.5576901,"k1":-0.13586258542,"k2":0.11248130085},{"t":[0.306599507,8.106918441,-1.7199338159],"R":[[0.97971408709,0.18253662517,0.082708451949],[-0.1917983673,0.73445690717,0.65098881543],[0.058083507573,-0.65364625906,0.754568005]],"focal":2174.552123,"k1":-0.14137490467,"k2":0.12257674007},{"t":[0.16968260456,7.3484691716,-0.98304075115],"R":[[0.98316018537,0.17673351767,0.046489930464],[-0.17138272524,0.80338592214,0.57026223932],[0.063435095891,-0.5686266999,0.82014612404]],"focal":2181.0608413,"k1":-0.14022642847,"k2":0.1224843747},{"t":[0.012207562529,6.3822774133,-0.75669167176],"R":[[0.98856808984,0.1452558804,0.040421045897],[-0.14438455366,0.83479171062,0.53129643379],[0.043430777196,-0.53105887536,0.84622115224]],"focal":2179.79646,"k1":-0.14253317063,"k2":0.12608748381},{"t":[0.0016779110168,5.5423407435,-0.24835182204],"R":[[0.99018605644,0.13814321976,0.021166588255],[-0.1336407494,0.89163068369,0.43259088524],[0.040886718168,-0.43117418143,0.90134183391]],"focal":2179.2060597,"k1":-0.14132843918,"k2":0.12365483837},{"t":[-0.0084288664837,4.5916920183,-0.096505739018],"R":[[0.99218037205,0.12433624163,0.010890745936],[-0.11955755328,0.92173140552,0.36894065584],[0.035834351971,-0.36735774811,0.92938914569]],"focal":2182.4024399,"k1":-0.14120480351,"k2":0.12320344947},{"t":[-0.044153456008,3.5627683013,-0.027967862269],"R":[[0.99500179485,0.099538875457,0.0079649553665],[-0.096802002907,0.94190831047,0.32161795178],[0.024511231594,-0.32078146291,0.94683602201]],"focal":2182.8646495,"k1":-0.14216891956,"k2":0.12418377108},{"t":[-0.058902154762,2.6699872274,0.052161153131],"R":[[0.99713052137,0.07531939779,0.0075968202852],[-0.074695160079,0.96259914433,0.26042949216],[0.01230269981,-0.26024964101,0.96546298113]],"focal":2185.8588463,"k1":-0.14209356912,"k2":0.12540435684},{"t":[-0.09797463108,1.6787240117,0.086943173372],"R":[[0.99958900705,0.0071675658841,0.027756854736],[-0.011460322734,0.98741483433,0.15773587402],[-0.026276947852,-0.1579891482,0.98709115641]],"focal":2186.7708173,"k1":-0.1362441839,"k2":0.11112362674},{"t":[0.027916138612,0.80083049837,-0.11352240719],"R":[[0.99928744721,0.03752950891,-0.0040166921009],[-0.036558334851,0.98886646202,0.14424495984],[0.0093854146123,-0.14399533411,0.98953385882]],"focal":2183.4479782,"k1":-0.14075992042,"k2":0.120754969},{"t":[0.064580689951,-0.16099104952,-0.14197572876],"R":[[0.99999224575,-0.0037841764045,0.0010901640379],[0.0037793050687,0.99998301757,0.0044363754227],[-0.0011069335515,-0.0044322209594,0.999989565]],"focal":2185.172272,"k1":-0.13743805734,"k2":0.11116672322},{"t":[0.17678368467,-1.0832358609,-0.40882976362],"R":[[0.99938039211,-0.035031117189,-0.0034136029386],[0.034684746285,0.99667865712,-0.073679188442],[0.0059833294775,0.073515136284,0.99727615258]],"focal":2186.1746514,"k1":-0.13616512294,"k2":0.10614026458},{"t":[0.28982837863,-2.0818508621,-0.63233442544],"R":[[0.99827464528,-0.058457687002,-0.0055164680247],[0.057539166698,0.99264262806,-0.1065357088],[0.011703712437,0.10603448394,0.99429357402]],"focal":2186.0657059,"k1":-0.1390540267,"k2":0.11401225589},{"t":[0.26787018576,-2.9185979656,-0.79574514603],"R":[[0.99898142438,-0.044975286819,-0.0036520302416],[0.043687412066,0.98427389365,-0.17116165549],[0.011292642574,0.17082776665,0.98523619014]],"focal":2187.1729739,"k1":-0.14253077345,"k2":0.12121230532},{"t":[0.20041379261,-3.6232903476,-0.48046675765],"R":[[0.99755197351,-0.069820175722,-0.0038991296276],[0.0665863446,0.96542390466,-0.25203758258],[0.021361621254,0.25116095911,0.96770959164]],"focal":2188.3753942,"k1":-0.13966322106,"k2":0.11346560548},{"t":[0.11855135592,-4.3770872664,-0.19918776645],"R":[[0.99653496356,-0.08313403733,-0.0026073439539],[0.078167319774,0.94679049817,-0.31221406549],[0.028424224256,0.31092842329,0.95000819947]],"focal":2193.2387472,"k1":-0.1388079455,"k2":0.11516411436},{"t":[0.17161145901,-5.0533727444,-0.30754856866],"R":[[0.99422762158,-0.10665748181,0.011645517145],[0.10259134899,0.91328414219,-0.39419169288],[0.031407827177,0.39311099857,0.91895445545]],"focal":2194.0355438,"k1":-0.1368154938,"k2":0.11239762652},{"t":[0.11539829681,-5.7721012692,-0.10775674159],"R":[[0.99505824321,-0.098270898272,0.014209967202],[0.096248342765,0.91945072969,-0.38124350773],[0.024399777252,0.38072718084,0.92436543891]],"focal":2190.568799,"k1":-0.13610518396,"k2":0.11127805495},{"t":[0.1124373407,-6.4078558401,-0.12176835754],"R":[[0.99394751485,-0.10763687346,0.021969096396],[0.10660517359,0.89676195573,-0.42948030422],[0.02652686731,0.42922290039,0.90280896489]],"focal":2188.2032838,"k1":-0.13575975676,"k2":0.11032310942},{"t":[0.087766038585,-7.1105673392,0.27381203139],"R":[[0.99391780213,-0.10675531339,0.027031567986],[0.10860201783,0.90951407591,-0.40123527692],[0.018248406153,0.4017305674,0.91557607378]],"focal":2188.1813511,"k1":-0.1395155652,"k2":0.12046730663},{"t":[0.13944357451,-7.7620730834,-0.10643477371],"R":[[0.99340738504,-0.10788161959,0.038772716074],[0.11371293018,0.8844526583,-0.45256255339],[0.014530549424,0.45398794188,0.89088933755]],"focal":2187.0778963,"k1":-0.13705975501,"k2":0.11450400009},{"t":[0.13225975023,-8.5823828138,-0.15697847289],"R":[[0.99353787187,-0.1034445786,0.0467088463],[0.11326847098,0.87731808681,-0.46635097087],[0.007262963987,0.46862799075,0.88336575417]],"focal":2206.3031491,"k1":-0.15331567134,"k2":0.13444768953},{"t":[0.073254142552,-9.3312240336,0.18842207712],"R":[[0.99455778953,-0.092558367501,0.047830449454],[0.10413870542,0.89704063678,-0.42950346447],[-0.0031517173287,0.4321470173,0.9017976614]],"focal":2191.1867716,"k1":-0.13392921912,"k2":0.10824831963},{"t":[-0.027571645957,-10.078486192,0.23208180928],"R":[[0.9957078261,-0.085399492469,0.035677047674],[0.092451964367,0.8998168823,-0.42635925299],[0.0043080540068,0.42782765807,0.9038500626]],"focal":2177.7615723,"k1":-0.12071367546,"k2":0.089413145717},{"t":[0.086914336894,-10.747428254,0.15854061868],"R":[[0.99449222579,-0.094262075899,0.045824380896],[0.10480901475,0.8921731731,-0.43936556491],[0.000532226917,0.44174844679,0.89713880001]],"focal":2198.9041567,"k1":-0.14434018209,"k2":0.1248876601},{"t":[0.13545159746,-11.372848256,0.37005932895],"R":[[0.99385250856,-0.1051177527,0.034748371169],[0.109872536,0.89789307644,-0.42628165468],[0.013609447669,0.42747898352,0.9039228405]],"focal":2210.8534453,"k1":-0.15823754411,"k2":0.14386833761},{"t":[0.045230077011,-12.078702813,0.12199895922],"R":[[0.99480705566,-0.084360821397,0.056940089682],[0.10097820361,0.88810610179,-0.44840936026],[-0.012740659129,0.45183050338,0.89201282044]],"focal":2218.783836,"k1":-0.16613951427,"k2":0.15392008484},{"t":[0.074444327417,-12.78546204,0.5010721658],"R":[[0.99470492146,-0.090304283777,0.049063790702],[0.10259431529,0.90059323867,-0.42238161055],[-0.0060436493487,0.42517873276,0.9050892329]],"focal":2201.3304713,"k1":-0.14736559586,"k2":0.12756805263},{"t":[0.26958567609,-13.504768392,0.21838372031],"R":[[0.9930522279,-0.099353573985,0.063056641224],[0.11705734307,0.88885192007,-0.44298966424],[-0.012035410245,0.44729311589,0.89430644489]],"focal":2200.3532504,"k1":-0.15116828606,"k2":0.13600766808},{"t":[0.20743708058,-14.318044549,0.43622959083],"R":[[0.99372976201,-0.098432936145,0.053029399095],[0.1116905456,0.8957145375,-0.43037273303],[-0.0051363519351,0.43359707609,0.90109222252]],"focal":2193.3082299,"k1":-0.13533304109,"k2":0.11202673026},{"t":[0.19727141778,-15.100554675,0.17782929647],"R":[[0.99392865444,-0.095847509338,0.05402855575],[0.10990250999,0.88817194115,-0.44617489985],[-0.0052218943587,0.44940389174,0.89331342423]],"focal":2187.8678136,"k1":-0.13588714787,"k2":0.11412935168},{"t":[0.34663909568,-15.724129708,0.36111658986],"R":[[0.99233222001,-0.10936083212,0.057593172526],[0.12359202763,0.88299041211,-0.45282771872],[-0.0013326030179,0.45647359237,0.88973596288]],"focal":2188.2684494,"k1":-0.13523911814,"k2":0.11385265121},{"t":[0.10734534032,-16.409794572,0.54485163687],"R":[[0.99393507389,-0.10263438257,0.039487370259],[0.10944008032,0.88803050782,-0.44656991167],[0.010767437694,0.44818299912,0.89387698347]],"focal":2184.995534,"k1":-0.13223884392,"k2":0.10978655452},{"t":[0.34842641736,-17.069063323,0.61531663486],"R":[[0.99214237776,-0.11644339763,0.045765023814],[0.12456800597,0.88522188229,-0.44817968606],[0.01167536487,0.45035891715,0.89277126499]],"focal":2186.2106529,"k1":-0.13568575143,"k2":0.11515679337},{"t":[0.17609472704,-17.723043711,1.115676123],"R":[[0.99320940386,-0.10903357152,0.040580295248],[0.11587189921,0.89581193099,-0.429062568],[0.01042991155,0.43085109327,0.90236276097]],"focal":2188.4336079,"k1":-0.13548619568,"k2":0.11464154505},{"t":[0.45314014257,-18.474616194,0.51396444527],"R":[[0.99007842834,-0.13926428267,0.018712704252],[0.13194233482,0.87558335255,-0.46469884121],[0.048331418454,0.46255729625,0.88527104419]],"focal":2191.1592065,"k1":-0.13693239064,"k2":0.1161658421},{"t":[0.67121221095,-19.158034692,-0.13893076193],"R":[[0.98881705163,-0.1463767795,0.028542544115],[0.14108991172,0.85618446171,-0.49703300125],[0.048316407257,0.49550177189,0.86726208198]],"focal":2192.2906762,"k1":-0.13704073777,"k2":0.11563601573},{"t":[0.83336726869,-20.209697458,-1.6038339221],"R":[[0.9875680138,-0.15457916788,0.028542932164],[0.14390544166,0.81599971695,-0.55985327168],[0.063250628304,0.55700066679,0.82810000315]],"focal":2196.5004173,"k1":-0.13460241477,"k2":0.11321951123},{"t":[0.43350651329,-20.972339096,-1.5815544027],"R":[[0.99070268367,-0.13411459807,0.022835655302],[0.12402015252,0.82132662872,-0.55681376664],[0.055921322727,0.55446897437,0.83032340815]],"focal":2192.3548852,"k1":-0.13579424271,"k2":0.11511053548},{"t":[-1.9162363982,-21.605816329,-2.4981178776],"R":[[0.99886076183,-0.03955455191,-0.026694866634],[0.015984062216,0.8044202308,-0.59384560455],[0.044963187571,0.59274238056,0.80413604698]],"focal":2192.0139561,"k1":-0.1337331009,"k2":0.11287719702},{"t":[-1.0573225621,-22.070260928,-5.2082852908],"R":[[0.9950853276,-0.093392637023,-0.032909058794],[0.045200966488,0.72411270565,-0.68819885364],[0.088102573341,0.68332906046,0.72477536637]],"focal":2193.6451253,"k1":-0.13525504346,"k2":0.11482683272},{"t":[-0.23314399763,-22.584244016,-6.185222094],"R":[[0.99006369234,-0.13714074662,-0.031085378021],[0.073196548348,0.69135745948,-0.7187956097],[0.12006727455,0.70937809301,0.69452614835]],"focal":2195.9651687,"k1":-0.13723663782,"k2":0.11784048409},{"t":[0.41624737096,-22.88061197,-7.2935542634],"R":[[0.9870730028,-0.15987439481,-0.011272312113],[0.096960738152,0.65168127252,-0.75226998764],[0.12761466371,0.74145242391,0.65875852987]],"focal":2196.5735272,"k1":-0.13756975838,"k2":0.11864264759},{"t":[0.45103723949,-22.945187827,-8.3756091036],"R":[[0.98699851108,-0.16043583347,-0.0097099160876],[0.093084176506,0.6198117249,-0.779210345],[0.13103158099,0.76817561079,0.62668728707]],"focal":2200.5203047,"k1":-0.13866349484,"k2":0.12175677236},{"t":[2.2222188271,-22.766919517,-9.6719089427],"R":[[0.97934710637,-0.1849050643,0.081788522675],[0.17547738004,0.57638570053,-0.79811478706],[0.10043373108,0.79598344293,0.59692832421]],"focal":2199.6756515,"k1":-0.13705403551,"k2":0.11817770279},{"t":[2.7171840971,-22.57376502,-11.659794147],"R":[[0.97531853018,-0.20703438682,0.076749771061],[0.17539083811,0.51526237892,-0.83889375655],[0.13413358487,0.83164983229,0.53885688069]],"focal":2200.0151598,"k1":-0.13854715402,"k2":0.12191849156},{"t":[0.064775652746,-22.995491617,-12.356414009],"R":[[0.98913395166,-0.14587917849,-0.018256258124],[0.059200751381,0.50888600142,-0.85879584803],[0.134570787,0.84838334663,0.51199257851]],"focal":2199.0829984,"k1":-0.14069099327,"k2":0.12460451648},{"t":[1.0174045178,-23.051908499,-13.362499266],"R":[[0.98442798506,-0.17561692361,0.0077613380634],[0.08944324611,0.462391347,-0.8821531318],[0.1513322436,0.86911042932,0.47089872976]],"focal":2196.0772364,"k1":-0.14104555108,"k2":0.12422727771},{"t":[1.9427614759,-23.254232047,-14.303822949],"R":[[0.98076556214,-0.18569771065,0.060127135188],[0.13449509938,0.41968813223,-0.89764856147],[0.14145663777,0.88846960101,0.43659109898]],"focal":2195.9074645,"k1":-0.14137604391,"k2":0.1263265661},{"t":[2.3099895374,-22.387416553,-16.700399363],"R":[[0.97355310647,-0.22671196772,0.028214049089],[0.10292634214,0.32499514074,-0.94009804095],[0.20396204786,0.91813933702,0.33973466241]],"focal":2196.2946291,"k1":-0.14023741779,"k2":0.12289121182},{"t":[5.4524250418,-21.139168524,-18.588000202],"R":[[0.94782228672,-0.25901898409,0.18585499369],[0.2432025739,0.21054970902,-0.9468481019],[0.2061199186,0.94264414596,0.26255779029]],"focal":2198.9115937,"k1":-0.13871640976,"k2":0.1220388069},{"t":[3.5783323108,-21.163288063,-19.765754658],"R":[[0.96488683392,-0.24351615179,0.098454464328],[0.14599708179,0.18561783173,-0.97171542782],[0.21835349743,0.9519694871,0.2146528495]],"focal":2200.3562281,"k1":-0.14033173917,"k2":0.12541418054},{"t":[4.2671564701,-19.507866536,-21.944035166],"R":[[0.95906737492,-0.25220308431,0.12877645217],[0.15262961657,0.077337365934,-0.98525282642],[0.23852457004,0.96457894239,0.11266540459]],"focal":2201.2308004,"k1":-0.13972638211,"k2":0.12395013382},{"t":[4.4882089381,-18.199035857,-23.818631288],"R":[[0.9568134873,-0.25125444403,0.14621612387],[0.14656449366,-0.017431768715,-0.98904751283],[0.25105138861,0.96776409202,0.020146028954]],"focal":2201.7940632,"k1":-0.13929846917,"k2":0.12383593448},{"t":[7.4765107073,-17.535851718,-22.401604178],"R":[[0.91478742699,-0.35014057751,0.2014088861],[0.18709227713,-0.074630075686,-0.97950335969],[0.35799503245,0.93371940527,-0.0027620569501]],"focal":2199.0400572,"k1":-0.14083829678,"k2":0.12585228976},{"t":[7.6707709446,-14.397565012,-24.891554614],"R":[[0.91389683717,-0.32871288753,0.23820245292],[0.16996655771,-0.22303249442,-0.95987909431],[0.36865151602,0.91771691932,-0.14795849327]],"focal":2201.6195629,"k1":-0.13738872815,"k2":0.12041305005},{"t":[7.8646030932,-12.195324183,-26.427352148],"R":[[0.91073718282,-0.32707084158,0.25215560358],[0.13970739761,-0.33057342395,-0.93338258738],[0.38863816961,0.8852942313,-0.25537129273]],"focal":2204.4856451,"k1":-0.137722927,"k2":0.12122127428},{"t":[8.6913391894,-10.576794494,-26.591083267],"R":[[0.89667806577,-0.30608933441,0.31980895193],[0.18374017076,-0.39992785389,-0.8979405667],[0.4027505382,0.86392536196,-0.3023656279]],"focal":2195.3428693,"k1":-0.13778981851,"k2":0.11738975038},{"t":[9.557647762,-10.206604537,-26.181072085],"R":[[0.88001283678,-0.35943068918,0.31046253682],[0.14281301506,-0.42317159657,-0.89472355652],[0.45297003193,0.83170630606,-0.32106505671]],"focal":2193.9608698,"k1":-0.1401056794,"k2":0.12042511902}]